---------------------------------------------------------------------------------------------------------------------------------------------------
| ID   Domes     |                 PL-ETRF2000-XYZ            |                 PL-ETRF2000-GRS80h          | PL-KRON86-NH |   Rodzaj osnowy      |          
|                |        X              Y              Z     |         N                 E            h    |         H    |                      |                
---------------------------------------------------------------------------------------------------------------------------------------------------
| BOGI 12207M003 | 3633815.6800 | 1397453.9157 | 5035280.8028 | 52 28 29.960584 | 21 02 06.757068 | 139.914 |      109.150 | podst. fundamentalna |
| BOR1 12205M002 | 3738358.7738 | 1148173.4962 | 5021815.5786 | 52 16 37.034362 | 17 04 24.427400 | 124.359 |       88.874 | podst. fundamentalna |
| BPDL 12223M001 | 3615990.1509 | 1544390.8494 | 5005373.5092 | 52 02 06.982724 | 23 07 38.451051 | 196.353 |      167.686 | podst. fundamentalna |
| BYDG 12224M001 | 3647217.1971 | 1184604.0861 | 5079624.9762 | 53 08 04.410203 | 17 59 37.050764 | 104.422 |       73.680 | podst. fundamentalna |
| GWWL 12225M001 | 3734526.1661 | 1015012.7925 | 5053042.5377 | 52 44 16.680726 | 15 12 18.747090 | 127.127 |       90.746 | podst. fundamentalna |
| JOZ2 12204M002 | 3664880.9095 | 1409190.3838 | 5009618.2874 | 52 05 52.199270 | 21 01 56.447528 | 152.520 |      120.992 | podst. fundamentalna |
| KATO 12219S001 | 3862992.3713 | 1332822.6619 | 4881105.4364 | 50 15 11.764786 | 19 02 08.272080 | 332.876 |      291.877 | podst. fundamentalna |
| KRA1 12218M002 | 3856938.9295 | 1397750.2057 | 4867717.3326 | 50 03 57.998866 | 19 55 13.648012 | 267.112 |      227.249 | podst. fundamentalna |
| LAMA 12209M001 | 3524523.2562 | 1329693.4257 | 5129846.1701 | 53 53 32.630932 | 20 40 11.773924 | 187.021 |      157.661 | podst. fundamentalna |
| LODZ 12226M001 | 3728601.8776 | 1317402.2599 | 4987811.1403 | 51 46 43.365112 | 19 27 34.221657 | 259.408 |      225.820 | podst. fundamentalna |
| REDZ 12227M001 | 3550066.9255 | 1093331.7908 | 5167561.9545 | 54 28 20.555982 | 17 07 03.082802 | 108.256 |       76.450 | podst. fundamentalna |
| SWKI 12228M001 | 3452304.8576 | 1460314.5926 | 5143362.4020 | 54 05 54.987555 | 22 55 41.578380 | 215.931 |      188.310 | podst. fundamentalna |
| USDL 12229M001 | 3837558.2233 | 1596303.0315 | 4822409.6403 | 49 25 58.460097 | 22 35 08.765000 | 529.742 |      494.682 | podst. fundamentalna |
| WROC 12217M001 | 3835751.6257 | 1177249.7445 | 4941605.0539 | 51 06 47.729257 | 17 03 43.329255 | 180.818 |      140.587 | podst. fundamentalna |
| ZYWI 12220S001 | 3904633.3059 | 1360191.8777 | 4840630.7774 | 49 41 12.078196 | 19 12 21.421142 | 412.769 |      370.841 | podst. fundamentalna |
| BART 12234M001 | 3490896.9745 | 1327143.7331 | 5153172.1006 | 54 15 02.522849 | 20 48 55.573282 |  93.226 |       65.241 | podst. bazowa        |
| BIAL 12235M001 | 3526538.1629 | 1507014.5379 | 5079529.9068 | 53 07 55.533092 | 23 08 19.438484 | 191.388 |      163.318 | podst. bazowa        |
| BILG 12236M001 | 3747351.6798 | 1568978.0692 | 4900768.6716 | 50 31 53.425356 | 22 43 06.835243 | 242.909 |      209.577 | podst. bazowa        |
| BRSK 12237M001 | 3566372.7808 | 1501993.3720 | 5053284.9776 | 52 44 27.875165 | 22 50 18.973957 | 168.503 |      140.325 | podst. bazowa        |
| BUZD 12238M001 | 3805091.3688 | 1439261.2804 | 4896192.3785 | 50 27 58.391678 | 20 43 08.158283 | 299.288 |      262.262 | podst. bazowa        |
| CBKA 12221M001 | 3654410.0348 | 1407752.4780 | 5017576.9176 | 52 12 53.029157 | 21 04 03.689236 | 125.194 |       94.085 | podst. bazowa        |
| CCHN 12239M001 | 3610611.1967 | 1356983.3909 | 5062816.5051 | 52 52 58.034826 | 20 35 52.184447 | 167.717 |      136.809 | podst. bazowa        |
| CHEL 12240M001 | 3678820.5416 | 1598100.8869 | 4942832.6196 | 51 07 48.015360 | 23 28 49.457142 | 255.536 |      226.360 | podst. bazowa        |
| CHNO 12241M001 | 3694305.5669 | 1018555.2520 | 5081594.1397 | 53 09 50.579349 | 15 24 50.541246 | 105.380 |       70.520 | podst. bazowa        |
| CHOJ 12242M001 | 3608520.1255 | 1141388.0657 | 5116893.4489 | 53 41 42.645433 | 17 33 08.470071 | 204.057 |      173.155 | podst. bazowa        |
| DRWP 12243M001 | 3655958.9618 | 1035735.8115 | 5105717.0660 | 53 31 34.760026 | 15 49 02.871350 | 171.095 |      136.608 | podst. bazowa        |
| DZIA 12244M001 | 3591709.2539 | 1319169.6976 | 5086093.6661 | 53 13 49.161457 | 20 10 02.526748 | 206.579 |      176.030 | podst. bazowa        |
| ELBL 18991M001 | 3530686.9711 | 1243375.2515 | 5146944.3815 | 54 09 19.986389 | 19 24 01.252442 |  52.692 |       23.606 | podst. bazowa        |
| GDAN 12252M001 | 3529800.6011 | 1190807.6934 | 5159896.6283 | 54 21 16.432900 | 18 38 32.108011 |  66.707 |       37.295 | podst. bazowa        |
| GIZY 12253M001 | 3486403.5385 | 1392187.3370 | 5139218.6640 | 54 02 08.805541 | 21 46 03.962343 | 166.825 |      138.549 | podst. bazowa        |
| GLOG 12254M001 | 3809340.9980 | 1097657.6570 | 4979900.7024 | 51 39 54.921328 | 16 04 27.413234 | 144.424 |      104.553 | podst. bazowa        |
| GNIE 12255M001 | 3706494.2536 | 1174619.7733 | 5039231.9690 | 52 31 58.595084 | 17 35 01.876096 | 172.124 |      138.857 | podst. bazowa        |
| GOLE 12256M001 | 3670268.1276 |  972331.3988 | 5107777.0123 | 53 33 31.365000 | 14 50 16.806968 |  68.854 |       33.537 | podst. bazowa        |
| GRAJ 12245M001 | 3501476.4273 | 1446944.9159 | 5113951.6993 | 53 39 03.736358 | 22 27 08.275764 | 165.192 |      136.720 | podst. bazowa        |
| GRUD 12246M001 | 3601223.8707 | 1222799.2007 | 5103133.5512 | 53 29 18.645296 | 18 45 17.893776 |  70.517 |       41.528 | podst. bazowa        |
| HAJN 12247M001 | 3547044.0211 | 1547151.5761 | 5053300.6264 | 52 44 27.515021 | 23 33 57.214777 | 196.633 |      168.391 | podst. bazowa        |
| HOZD 12248M001 | 3756467.2861 | 1622631.0351 | 4876495.3359 | 50 11 19.906427 | 23 21 44.105165 | 298.842 |      267.367 | podst. bazowa        |
| HRUB 12249M001 | 3693100.6980 | 1635499.2742 | 4920024.1137 | 50 48 16.890371 | 23 53 10.617634 | 234.457 |      204.930 | podst. bazowa        |
| ILAW 12250M001 | 3575246.0131 | 1270835.5090 | 5109730.1602 | 53 35 13.638062 | 19 34 04.656655 | 162.818 |      133.173 | podst. bazowa        |
| JLGR 12251M001 | 3878289.7496 | 1092566.8446 | 4928217.8516 | 50 55 10.050525 | 15 43 59.694227 | 408.190 |      365.730 | podst. bazowa        |
| KALI 12257M001 | 3760909.8191 | 1228903.4533 | 4986013.1890 | 51 45 13.953831 | 18 05 42.589525 | 147.729 |      111.791 | podst. bazowa        |
| KAM1 12258M001 | 3636190.4080 |  959188.2310 | 5134372.5950 | 53 57 47.009108 | 14 46 38.614698 |  57.746 |       22.478 | podst. bazowa        |
| KEPN 12259M001 | 3802580.9046 | 1234328.9385 | 4953272.1390 | 51 16 48.589203 | 17 59 00.897704 | 220.274 |      181.736 | podst. bazowa        |
| KLCE 12260M001 | 3774368.8641 | 1420921.1651 | 4925093.0086 | 50 52 32.700452 | 20 37 46.720529 | 333.562 |      296.931 | podst. bazowa        |
| KLDZ 12261M001 | 3900141.9630 | 1166529.6339 | 4894068.3370 | 50 26 08.078396 | 16 39 06.789449 | 359.550 |      316.467 | podst. bazowa        |
| KLOB 12219M001 | 3812245.5326 | 1307966.5191 | 4927157.4732 | 50 54 19.874814 | 18 56 12.817964 | 301.630 |      263.054 | podst. bazowa        |
| KONI 12262M001 | 3718009.9118 | 1226301.6917 | 5018514.6087 | 52 13 41.217309 | 18 15 14.304550 | 157.109 |      124.021 | podst. bazowa        |
| KOSC 12263M001 | 3563310.1524 | 1156522.6777 | 5144920.8814 | 54 07 21.183635 | 17 58 53.656644 | 211.124 |      180.606 | podst. bazowa        |
| KOSZ 12264M001 | 3590530.4065 | 1042990.5409 | 5150117.6518 | 54 12 12.190732 | 16 11 51.790188 | 123.162 |       89.824 | podst. bazowa        |
| KROL 12203M002 | 3541393.2908 | 1321039.6468 | 5120499.2469 | 53 45 01.16232  | 20 27 24.96579  | 172.043 |            - | podst. bazowa        |
| KROS 12265M001 | 3840336.4935 | 1534053.8395 | 4840009.3699 | 49 40 43.481901 | 21 46 28.713321 | 347.537 |      311.661 | podst. bazowa        |
| KROT 12266M001 | 3779936.7543 | 1187254.3101 | 4981792.3598 | 51 41 31.916463 | 17 26 13.830419 | 186.245 |      148.549 | podst. bazowa        |
| KUTN 12267M001 | 3693480.8889 | 1298866.4514 | 5018375.4132 | 52 13 33.750771 | 19 22 29.884400 | 159.853 |      127.571 | podst. bazowa        |
| LEGN 12268M001 | 3846687.7635 | 1114288.3312 | 4947658.6280 | 51 12 00.025489 | 16 09 17.884568 | 181.333 |      140.177 | podst. bazowa        |
| LELO 12269M001 | 3814251.0093 | 1360360.1437 | 4911504.8839 | 50 40 58.381960 | 19 37 43.954182 | 306.300 |      267.914 | podst. bazowa        |
| LESZ 12270M001 | 3784869.9205 | 1126771.3382 | 4991967.9463 | 51 50 25.405750 | 16 34 42.545618 | 149.644 |      111.125 | podst. bazowa        |
| LOMZ 12271M001 | 3550311.3305 | 1440214.3955 | 5082321.5018 | 53 10 26.374790 | 22 04 49.291373 | 185.347 |      156.290 | podst. bazowa        |
| LUBL 12272M001 | 3694475.2905 | 1534437.4538 | 4951248.6984 | 51 15 03.066881 | 22 33 17.005468 | 242.197 |      210.382 | podst. bazowa        |
| MIES 18993M001 | 3742654.1319 |  966298.2033 | 5056520.1834 | 52 47 23.76737  | 14 28 36.41201  |  99.743 |            - | podst. bazowa        |
| MIMA 12273M001 | 3644974.5486 | 1440149.8909 | 5015356.6564 | 52 10 52.686690 | 21 33 33.314517 | 200.727 |      170.331 | podst. bazowa        |
| MLCN 12274M001 | 3804457.7729 | 1534914.6665 | 4867705.4922 | 50 03 57.213194 | 21 58 18.091457 | 271.993 |      237.017 | podst. bazowa        |
| MYSZ 12275M001 | 3550868.8286 | 1387537.3055 | 5096451.3550 | 53 23 11.498256 | 21 20 36.841697 | 169.312 |      139.478 | podst. bazowa        |
| NODW 12276M001 | 3645290.9682 | 1378210.0916 | 5032291.5496 | 52 25 51.871397 | 20 42 38.094374 | 125.686 |       94.325 | podst. bazowa        |
| NTML 12277M001 | 3753277.9219 | 1084607.1016 | 5024800.4439 | 52 19 14.846926 | 16 07 04.882112 | 126.621 |       89.865 | podst. bazowa        |
| NWSC 12231M001 | 3873461.7549 | 1462888.1379 | 4835656.0138 | 49 37 06.353534 | 20 41 24.066824 | 334.755 |      296.148 | podst. bazowa        |
| NWTG 12232M001 | 3901050.8751 | 1422373.0332 | 4826032.2915 | 49 28 54.414822 | 20 01 57.008136 | 646.700 |      605.692 | podst. bazowa        |
| NYSA 12278M001 | 3882469.8480 | 1211762.8543 | 4896966.2359 | 50 28 39.649448 | 17 20 01.445413 | 250.592 |      209.063 | podst. bazowa        |
| OLST 12203M001 | 3538409.4255 | 1322052.5357 | 5122295.7313 | 53 46 39.194693 | 20 29 13.734672 | 178.067 |      148.359 | podst. bazowa        |
| OPLE 12283M001 | 3854338.1063 | 1246354.1997 | 4910366.3052 | 50 40 03.416926 | 17 55 09.624471 | 225.893 |      185.576 | podst. bazowa        |
| OPLU 12284M001 | 3717924.4636 | 1500320.5740 | 4944130.9823 | 51 08 57.487545 | 21 58 33.259275 | 192.990 |      159.602 | podst. bazowa        |
| OSMZ 12285M001 | 3585797.8481 | 1440877.9715 | 5057302.7002 | 52 48 02.795530 | 21 53 30.111802 | 166.307 |      137.103 | podst. bazowa        |
| PITR 12287M001 | 3754198.6699 | 1343527.0529 | 4961743.2892 | 51 24 05.976574 | 19 41 27.336663 | 254.754 |      219.824 | podst. bazowa        |
| POZN 12206M001 | 3728247.0801 | 1135211.7147 | 5032258.3590 | 52 25 48.181413 | 16 56 05.772025 | 171.552 |      136.549 | podst. bazowa        |
| PPIL 12286M001 | 3670393.0927 | 1103842.6575 | 5081135.0938 | 53 09 25.107419 | 16 44 17.728901 | 121.732 |       88.097 | podst. bazowa        |
| PROS 12233M001 | 3837829.0097 | 1418779.8951 | 4876685.6021 | 50 11 30.258761 | 20 17 18.575274 | 279.921 |      241.295 | podst. bazowa        |
| PRZM 12279M001 | 3804695.7155 | 1595660.8274 | 4848106.4765 | 49 47 31.015461 | 22 45 10.120208 | 293.692 |      260.261 | podst. bazowa        |
| RADM 12280M001 | 3719233.6121 | 1439894.7339 | 4961004.2747 | 51 23 29.108534 | 21 09 49.766741 | 218.803 |      184.682 | podst. bazowa        |
| RWMZ 12281M001 | 3711199.6177 | 1369172.4936 | 4986762.2321 | 51 45 51.470302 | 20 15 01.891820 | 187.620 |      154.449 | podst. bazowa        |
| RYKI 12282M001 | 3680883.3390 | 1481736.3934 | 4977132.2883 | 51 37 28.132166 | 21 55 37.947957 | 204.094 |      172.094 | podst. bazowa        |
| SIDZ 12288M001 | 3762313.3883 | 1274760.0275 | 4973563.6031 | 51 34 22.818373 | 18 43 03.308960 | 190.016 |      154.462 | podst. bazowa        |
| SIED 12289M001 | 3628142.7262 | 1487581.6662 | 5013729.2395 | 52 09 26.789219 | 22 17 39.164999 | 201.994 |      172.763 | podst. bazowa        |
| SIPC 12290M001 | 3634432.5226 | 1298646.4066 | 5061077.5735 | 52 51 25.038885 | 19 39 45.715760 | 163.157 |      132.490 | podst. bazowa        |
| SOCH 12291M001 | 3673992.7520 | 1354866.1491 | 5017844.7387 | 52 13 06.808857 | 20 14 33.247938 | 133.884 |      102.014 | podst. bazowa        |
| SOKL 12292M001 | 3494482.0497 | 1519135.0378 | 5097954.7622 | 53 24 30.750552 | 23 29 44.660454 | 222.227 |      194.376 | podst. bazowa        |
| STRG 18994M001 | 3565383.7311 | 1195036.1200 | 5134648.6598 | 53 57 58.696246 | 18 31 47.959311 | 136.259 |      106.685 | podst. bazowa        |
| SWIB 12293M001 | 3770280.6947 | 1048163.2559 | 5019843.4875 | 52 14 52.471852 | 15 32 10.631242 | 131.986 |       93.824 | podst. bazowa        |
| SZE2 12294M001 | 3624638.3098 | 1087538.9306 | 5117214.5624 | 53 42 00.642679 | 16 42 04.976527 | 193.736 |      160.827 | podst. bazowa        |
| TABG 12295M001 | 3772239.4966 | 1498958.7034 | 4903535.3929 | 50 34 15.447456 | 21 40 16.237808 | 214.729 |      179.538 | podst. bazowa        |
| TAR1 12296M002 | 3851034.6278 | 1315360.5318 | 4895200.9385 | 50 27 05.92546  | 18 51 29.26776  | 352.069 |            - | podst. bazowa        |
| TARG 12296M001 | 3851054.9374 | 1315388.2865 | 4895185.8658 | 50 27 04.911433 | 18 51 30.266282 | 358.397 |      317.686 | podst. bazowa        |
| TORU 12202M001 | 3643532.3035 | 1228658.5685 | 5071868.4455 | 53 01 06.149943 | 18 38 05.805942 | 118.374 |       88.441 | podst. bazowa        |
| TRNW 12230M001 | 3834315.7553 | 1470638.3391 | 4864150.7319 | 50 00 57.883996 | 20 59 02.906880 | 277.070 |      240.000 | podst. bazowa        |
| WAT1 12297M001 | 3655223.1698 | 1396074.4354 | 5020262.3760 | 52 15 13.786050 | 20 54 13.810704 | 151.664 |      120.319 | podst. bazowa        |
| WIEL 18968M001 | 3794719.9342 | 1274980.6454 | 4949047.9373 | 51 13 09.66794  | 18 34 18.24442  | 233.907 |            - | podst. bazowa        |
| WLAD 12222M001 | 3496345.0801 | 1164349.9987 | 5188401.6771 | 54 47 48.323873 | 18 25 07.492809 |  34.742 |        5.608 | podst. bazowa        |
| WLBR 12298M001 | 3880292.3561 | 1133211.8577 | 4917654.5369 | 50 46 04.688174 | 16 16 48.250514 | 509.751 |      467.009 | podst. bazowa        |
| WLDW 12299M001 | 3643581.0211 | 1588599.3704 | 4971661.1580 | 51 32 42.954364 | 23 33 25.833088 | 210.959 |      182.567 | podst. bazowa        |
| WLOC 18999M001 | 3664306.9067 | 1266512.3147 | 5047681.8176 | 52 39 31.346132 | 19 04 00.967163 | 107.557 |       76.567 | podst. bazowa        |
| WODZ 18998M001 | 3896698.7583 | 1300673.6959 | 4863029.3551 | 50 00 00.575929 | 18 27 30.322623 | 298.780 |      256.747 | podst. bazowa        |
| WRKI 18997M001 | 3715836.3745 | 1091591.9797 | 5050832.1933 | 52 42 19.978991 | 16 22 15.867025 |  95.274 |       60.639 | podst. bazowa        |
| ZARY 18996M001 | 3828791.7775 | 1036393.3404 | 4978198.2855 | 51 38 23.710062 | 15 08 45.980126 | 203.829 |      163.145 | podst. bazowa        |
| ZIGR 18995M001 | 3796760.0899 | 1053954.7729 | 4998889.4018 | 51 56 25.119256 | 15 30 51.452711 | 225.618 |      186.084 | podst. bazowa        |
---------------------------------------------------------------------------------------------------------------------------------------------------
